17
52
128
0   1   36000   1
1   0   36000   1
0   2   41000   1
2   0   41000   1
1   3   37000   1
3   1   37000   1
2   3   88000   1
3   2   88000   1
2   11  182000  2
11  2   182000  2
3   4   278000  4
4   3   278000  4
3   7   208000  3
7   3   208000  3
4   5   144000  2
5   4   144000  2
5   6   114000  2
6   5   114000  2
5   7   120000  2
7   5   120000  2
6   7   157000  2
7   6   157000  2
6   8   306000  4
8   6   306000  4
7   8   298000  4
8   7   298000  4
7   9   258000  3
9   7   258000  3
7   11  316000  4
11  7   316000  4
8   9   174000  2
9   8   174000  2
9   10  275000  4
10  9   275000  4
9   11  353000  5
11  9   353000  5
10  11  224000  3
11  10  224000  3
10  14  187000  2
14  10  187000  2
10  16  179000  2
16  10  179000  2
11  12  85000   1
12  11  85000   1
12  13  64000   1
13  12  64000   1
13  14  74000   1
14  13  74000   1
14  15  86000   1
15  14  86000   1
15  16  143000  2
16  15  143000  2


//
Number of Nodes
Number of Links
Number of Slots
SourceNode  DestinationNode LinkLength(m)  NumberOfSections

