14
58
0   1   100000 1
0   2   100000 1
0   5   300000 1
1   0   100000 1
1   2   100000 1
1   3   175000 1
1   4   275000 1
1   5   250000 1
1   6   200000 1
1   8   350000 1
1   10  500000 1
2   0   100000 1
2   1   100000 1
2   6   150000 1
2   7   300000 1
3   1   175000 1
3   4   100000 1
4   1   275000 1
4   3   100000 1
4   5   100000 1
5   0   300000 1
5   1   250000 1
5   4   100000 1
5   6   100000 1
5   10  250000 1
6   1   200000 1
6   2   150000 1
6   5   100000 1
6   8   150000 1
6   9   200000 1
6   10  275000 1
7   2   300000 1
7   8   250000 1
7   10  350000 1
8   1   350000 1
8   6   150000 1
8   7   250000 1
8   10  125000 1
9   6   200000 1
9   10  100000 1
9   11  175000 1
10  1   500000 1
10  5   250000 1
10  6   275000 1
10  7   350000 1
10  8   125000 1
10  9   100000 1
10  11  150000 1
10  12  200000 1
10  13  225000 1
11  9   175000 1
11  10  150000 1
11  12  175000 1
12  10  200000 1
12  11  175000 1
12  13  150000 1
13  10  225000 1
13  12  150000 1



//
Number of Nodes
Number of Links
SourceNode  DestinationNode LinkLength (m)  NumberOfSections

