9
36
0	1	100000	2
1	0	100000	2
1	2	100000	2
2	1	100000	2
0	3	100000  2
3	0	100000  2
1	4	100000  2
4	1	100000  2
2	3	100000  2
3	2	100000  2
3	4	100000  2
4	3	100000  2
4	5	100000  2
5	4	100000  2
3	6	100000  2
6	3	100000  2
4	7	100000  2
7	4	100000  2
5	8	100000  2
8	5	100000  2
6	7	100000  2
7	6	100000  2
7	8	100000  2
8	7	100000  2
0	6	100000  2
6	0 	100000  2
0	2	100000  2
2	0	100000  2
3	5	100000  2
5	3	100000  2
6	8	100000  2
8	6	100000  2
1	7	100000  2
7	1	100000  2
2	8	100000  2
8	2	100000  2


//
Number of Nodes
Number of Links
Number of Slots
SourceNode  DestinationNode LinkLength (m)  NumberOfSections

